
     R        1s        2s        2p
  0.00E+00  0.00E+00  0.00E+00  0.00E+00
  2.29E-03  9.72E-02  2.71E-02  1.12E-04
  2.44E-03  1.03E-01  2.88E-02  1.27E-04
  2.59E-03  1.10E-01  3.06E-02  1.43E-04
  2.76E-03  1.17E-01  3.26E-02  1.62E-04
  2.94E-03  1.24E-01  3.46E-02  1.84E-04
  3.13E-03  1.32E-01  3.68E-02  2.08E-04
  3.33E-03  1.40E-01  3.91E-02  2.36E-04
  3.55E-03  1.49E-01  4.16E-02  2.67E-04
  3.77E-03  1.58E-01  4.42E-02  3.02E-04
  4.02E-03  1.68E-01  4.69E-02  3.42E-04
  4.28E-03  1.79E-01  4.98E-02  3.87E-04
  4.55E-03  1.90E-01  5.29E-02  4.38E-04
  4.85E-03  2.02E-01  5.62E-02  4.96E-04
  5.16E-03  2.14E-01  5.97E-02  5.61E-04
  5.49E-03  2.27E-01  6.34E-02  6.35E-04
  5.85E-03  2.41E-01  6.73E-02  7.19E-04
  6.22E-03  2.56E-01  7.14E-02  8.13E-04
  6.62E-03  2.72E-01  7.57E-02  9.20E-04
  7.05E-03  2.88E-01  8.03E-02  1.04E-03
  7.51E-03  3.06E-01  8.52E-02  1.18E-03
  7.99E-03  3.24E-01  9.03E-02  1.33E-03
  8.51E-03  3.44E-01  9.58E-02  1.51E-03
  9.05E-03  3.64E-01  1.01E-01  1.70E-03
  9.64E-03  3.86E-01  1.08E-01  1.92E-03
  1.03E-02  4.09E-01  1.14E-01  2.18E-03
  1.09E-02  4.33E-01  1.21E-01  2.46E-03
  1.16E-02  4.58E-01  1.28E-01  2.78E-03
  1.24E-02  4.85E-01  1.35E-01  3.14E-03
  1.32E-02  5.13E-01  1.43E-01  3.55E-03
  1.40E-02  5.42E-01  1.51E-01  4.00E-03
  1.49E-02  5.73E-01  1.60E-01  4.52E-03
  1.59E-02  6.05E-01  1.68E-01  5.10E-03
  1.69E-02  6.39E-01  1.78E-01  5.76E-03
  1.80E-02  6.75E-01  1.88E-01  6.50E-03
  1.92E-02  7.11E-01  1.98E-01  7.33E-03
  2.04E-02  7.50E-01  2.08E-01  8.27E-03
  2.17E-02  7.90E-01  2.20E-01  9.32E-03
  2.31E-02  8.32E-01  2.31E-01  1.05E-02
  2.46E-02  8.75E-01  2.43E-01  1.18E-02
  2.62E-02  9.20E-01  2.55E-01  1.33E-02
  2.79E-02  9.66E-01  2.68E-01  1.50E-02
  2.97E-02  1.01E+00  2.81E-01  1.69E-02
  3.16E-02  1.06E+00  2.94E-01  1.90E-02
  3.36E-02  1.11E+00  3.08E-01  2.13E-02
  3.58E-02  1.16E+00  3.22E-01  2.40E-02
  3.81E-02  1.22E+00  3.36E-01  2.69E-02
  4.06E-02  1.27E+00  3.50E-01  3.02E-02
  4.32E-02  1.33E+00  3.65E-01  3.39E-02
  4.60E-02  1.38E+00  3.79E-01  3.80E-02
  4.90E-02  1.43E+00  3.93E-01  4.26E-02
  5.21E-02  1.49E+00  4.07E-01  4.77E-02
  5.55E-02  1.54E+00  4.21E-01  5.33E-02
  5.90E-02  1.60E+00  4.34E-01  5.96E-02
  6.29E-02  1.65E+00  4.47E-01  6.66E-02
  6.69E-02  1.70E+00  4.59E-01  7.43E-02
  7.12E-02  1.75E+00  4.70E-01  8.28E-02
  7.58E-02  1.80E+00  4.80E-01  9.22E-02
  8.07E-02  1.84E+00  4.88E-01  1.03E-01
  8.59E-02  1.88E+00  4.95E-01  1.14E-01
  9.15E-02  1.92E+00  5.00E-01  1.27E-01
  9.74E-02  1.95E+00  5.02E-01  1.40E-01
  1.04E-01  1.98E+00  5.03E-01  1.55E-01
  1.10E-01  2.00E+00  5.01E-01  1.72E-01
  1.17E-01  2.01E+00  4.95E-01  1.90E-01
  1.25E-01  2.02E+00  4.87E-01  2.09E-01
  1.33E-01  2.02E+00  4.74E-01  2.31E-01
  1.42E-01  2.02E+00  4.58E-01  2.53E-01
  1.51E-01  2.00E+00  4.38E-01  2.78E-01
  1.61E-01  1.97E+00  4.13E-01  3.04E-01
  1.71E-01  1.94E+00  3.83E-01  3.33E-01
  1.82E-01  1.90E+00  3.48E-01  3.63E-01
  1.94E-01  1.85E+00  3.09E-01  3.95E-01
  2.06E-01  1.79E+00  2.63E-01  4.29E-01
  2.19E-01  1.72E+00  2.13E-01  4.65E-01
  2.34E-01  1.65E+00  1.57E-01  5.02E-01
  2.49E-01  1.56E+00  9.59E-02  5.41E-01
  2.65E-01  1.47E+00  2.98E-02  5.82E-01
  2.82E-01  1.38E+00 -4.11E-02  6.23E-01
  3.00E-01  1.28E+00 -1.16E-01  6.66E-01
  3.19E-01  1.18E+00 -1.95E-01  7.08E-01
  3.40E-01  1.07E+00 -2.77E-01  7.51E-01
  3.62E-01  9.71E-01 -3.61E-01  7.94E-01
  3.85E-01  8.68E-01 -4.46E-01  8.36E-01
  4.10E-01  7.68E-01 -5.32E-01  8.76E-01
  4.36E-01  6.72E-01 -6.16E-01  9.14E-01
  4.64E-01  5.80E-01 -6.98E-01  9.49E-01
  4.94E-01  4.95E-01 -7.76E-01  9.81E-01
  5.26E-01  4.16E-01 -8.48E-01  1.01E+00
  5.60E-01  3.45E-01 -9.13E-01  1.03E+00
  5.96E-01  2.82E-01 -9.71E-01  1.05E+00
  6.35E-01  2.27E-01 -1.02E+00  1.06E+00
  6.76E-01  1.79E-01 -1.05E+00  1.06E+00
  7.19E-01  1.39E-01 -1.08E+00  1.05E+00
  7.66E-01  1.06E-01 -1.09E+00  1.04E+00
  8.15E-01  7.90E-02 -1.09E+00  1.02E+00
  8.68E-01  5.78E-02 -1.08E+00  9.87E-01
  9.24E-01  4.14E-02 -1.05E+00  9.50E-01
  9.83E-01  2.91E-02 -1.01E+00  9.04E-01
  1.05E+00  2.00E-02 -9.58E-01  8.52E-01
  1.11E+00  1.35E-02 -8.98E-01  7.94E-01
  1.19E+00  8.93E-03 -8.29E-01  7.31E-01
  1.26E+00  5.83E-03 -7.54E-01  6.65E-01
  1.34E+00  3.77E-03 -6.76E-01  5.97E-01
  1.43E+00  2.44E-03 -5.95E-01  5.28E-01
  1.52E+00  1.58E-03 -5.16E-01  4.60E-01
  1.62E+00  1.05E-03 -4.39E-01  3.94E-01
  1.73E+00  7.05E-04 -3.66E-01  3.32E-01
  1.84E+00  4.87E-04 -3.00E-01  2.75E-01
  1.96E+00  3.43E-04 -2.40E-01  2.23E-01
  2.08E+00  2.44E-04 -1.88E-01  1.77E-01
  2.22E+00  1.74E-04 -1.43E-01  1.38E-01
  2.36E+00  1.24E-04 -1.07E-01  1.05E-01
  2.51E+00  8.67E-05 -7.73E-02  7.75E-02
  2.67E+00  5.95E-05 -5.45E-02  5.59E-02
  2.84E+00  3.98E-05 -3.72E-02  3.92E-02
  3.03E+00  2.59E-05 -2.46E-02  2.66E-02
  3.22E+00  1.63E-05 -1.57E-02  1.75E-02
  3.43E+00  9.90E-06 -9.67E-03  1.11E-02
  3.65E+00  5.80E-06 -5.73E-03  6.84E-03
  3.89E+00  3.27E-06 -3.26E-03  4.03E-03
  4.14E+00  1.76E-06 -1.77E-03  2.28E-03
  4.41E+00  9.07E-07 -9.18E-04  1.24E-03
  4.69E+00  4.44E-07 -4.53E-04  6.40E-04
  4.99E+00  2.07E-07 -2.12E-04  3.14E-04
  5.32E+00  9.10E-08 -9.39E-05  1.47E-04
  5.66E+00  3.77E-08 -3.91E-05  6.46E-05
  6.02E+00  1.47E-08 -1.53E-05  2.68E-05
  6.41E+00  5.35E-09 -5.58E-06  1.04E-05
  6.82E+00  1.81E-09 -1.90E-06  3.79E-06
  7.26E+00  5.68E-10 -5.97E-07  1.28E-06
  7.73E+00  1.64E-10 -1.73E-07  4.01E-07
  8.23E+00  4.35E-11 -4.60E-08  1.16E-07
  8.76E+00  1.06E-11 -1.11E-08  3.06E-08
  9.33E+00  0.00E+00 -2.45E-09  7.36E-09
  9.93E+00  0.00E+00 -4.84E-10  1.60E-09
  1.06E+01  0.00E+00 -8.58E-11  3.15E-10
  1.13E+01  0.00E+00 -1.36E-11  5.55E-11
  1.20E+01  0.00E+00  0.00E+00  8.71E-12
